0
984.5
300
0
0
1
3
170
connections
0.2375
step
0.105263
link
1.9
enable
0.19
bias
0.38
node
0.475
disable
0.38
done
1
4 1000005 0.781243901132254 9 1
0
0
1
2.5
171
connections
0.2375
step
0.095
link
2.10526
enable
0.210526
bias
0.421052
node
0.526315
disable
0.421052
done
5
81 171 1 13 1
74 1000001 1.35599402122013 10 1
171 1000001 -1.06350425773463 14 1
81 1000001 -1.06350425773463 11 0
170 1000008 0.114104912669447 12 0
0
0
1
2.5
170
connections
0.2631575
step
0.105263
link
2.10526
enable
0.210526
bias
0.421052
node
0.475
disable
0.38
done
2
153 1000004 0.569802749236022 16 0
79 1000008 1.68891986445008 15 1
0
0
1
2.5
171
connections
0.2375
step
0.095
link
1.9
enable
0.210526
bias
0.421052
node
0.526315
disable
0.38
done
4
86 171 1 19 1
154 1000002 0.554784638134197 18 1
86 1000007 0.540129979392574 17 0
171 1000007 0.540129979392574 20 1
0
0
1
2.5
170
connections
0.2375
step
0.095
link
2.10526
enable
0.19
bias
0.38
node
0.475
disable
0.421052
done
2
123 1000003 0.703407132394336 22 0
109 1000005 -0.889582929615669 21 1
0
0
1
2.5
171
connections
0.2375
step
0.095
link
1.9
enable
0.210526
bias
0.421052
node
0.526315
disable
0.38
done
4
22 171 1 25 1
139 1000006 1.26235249045415 23 1
22 1000007 0.0541638368992898 24 0
171 1000007 0.0541638368992898 26 1
0
0
1
2.5
170
connections
0.2631575
step
0.105263
link
1.9
enable
0.210526
bias
0.38
node
0.526315
disable
0.421052
done
2
166 1000003 0.430225557847985 28 1
166 1000008 0.601089167688549 27 1
0
0
1
2.5
171
connections
0.2631575
step
0.095
link
1.9
enable
0.19
bias
0.38
node
0.526315
disable
0.38
done
5
20 171 1 32 1
20 1000002 -0.245713573994913 29 0
171 1000002 -0.245713573994913 33 1
166 1000004 1.40888198623847 30 1
170 1000004 1.68497304044895 31 1
0
0
1
2.5
171
connections
0.2375
step
0.095
link
2.10526
enable
0.19
bias
0.38
node
0.526315
disable
0.421052
done
4
37 171 1 36 1
171 1000006 0.0886145504604161 37 1
37 1000006 0.0886145504604161 35 0
51 1000007 0.108519724620748 34 1
0
0
1
2.5
170
connections
0.2375
step
0.095
link
1.9
enable
0.19
bias
0.421052
node
0.475
disable
0.38
done
2
170 1000002 -1.9588806982892 39 1
39 1000005 -1.27147822979441 38 0
0
0
1
2.5
171
connections
0.2631575
step
0.105263
link
1.9
enable
0.19
bias
0.421052
node
0.526315
disable
0.38
done
4
132 171 1 42 1
171 1000003 1.21736134179745 43 1
132 1000003 1.21736134179745 41 0
164 1000005 1.82750398657634 40 1
0
0
1
2.5
171
connections
0.2631575
step
0.095
link
2.10526
enable
0.19
bias
0.38
node
0.526315
disable
0.421052
done
4
87 171 1 46 1
142 1000004 1.17513075059984 44 0
87 1000008 -0.520089461710346 45 0
171 1000008 -0.520089461710346 47 1
0
0
1
2.5
170
connections
0.2375
step
0.095
link
1.9
enable
0.210526
bias
0.421052
node
0.475
disable
0.38
done
2
65 1000005 0.482592276522234 49 1
28 1000006 -1.71703948626157 48 1
0
0
1
2.5
170
connections
0.2375
step
0.095
link
1.9
enable
0.19
bias
0.38
node
0.475
disable
0.38
done
3
163 1000004 -1.23597431519813 51 0
29 1000008 -1.83428775883945 50 1
170 1000008 -0.989516945085263 52 1
0
0
1
2.5
171
connections
0.2375
step
0.095
link
2.10526
enable
0.19
bias
0.38
node
0.475
disable
0.421052
done
4
65 171 1 55 1
147 1000003 -0.790678660753499 54 0
65 1000006 1.49683789326662 53 1
171 1000006 1.49683789326662 56 1
0
0
1
2.5
171
connections
0.2631575
step
0.105263
link
2.10526
enable
0.210526
bias
0.421052
node
0.526315
disable
0.38
done
4
94 171 1 59 1
94 1000006 1.37819144845856 57 0
77 1000006 0.923665130009719 58 1
171 1000006 1.37819144845856 60 1
0
0
1
2.5
171
connections
0.2375
step
0.095
link
1.9
enable
0.210526
bias
0.38
node
0.526315
disable
0.38
done
4
4 171 1 63 1
4 1000006 -1.02618314466727 61 0
171 1000006 -1.02618314466727 64 1
128 1000007 1.67822777464903 62 1
0
0
1
2.5
171
connections
0.2631575
step
0.105263
link
1.9
enable
0.210526
bias
0.38
node
0.526315
disable
0.421052
done
5
9 171 1 68 1
9 1000001 0.555138607767941 65 0
171 1000001 0.555138607767941 69 1
93 1000003 0.29841624866166 66 1
170 1000007 -0.558036492466012 67 1
0
0
1
2.5
171
connections
0.2631575
step
0.095
link
1.9
enable
0.19
bias
0.421052
node
0.526315
disable
0.421052
done
4
7 171 1 72 1
171 1000002 -1.57412681149977 73 1
7 1000002 -1.57412681149977 71 0
1000003 1000004 0.554848852825746 70 1
0
0
1
2.5
170
connections
0.2631575
step
0.095
link
1.9
enable
0.19
bias
0.38
node
0.526315
disable
0.421052
done
2
7 1000002 -1.34029612286961 75 1
48 1000007 -0.50487081450637 74 0
0
0
1
2.5
170
connections
0.2631575
step
0.095
link
2.10526
enable
0.210526
bias
0.38
node
0.526315
disable
0.38
done
3
78 1000003 -1.0230782698016 76 0
170 1000005 0.212007449107248 78 1
162 1000006 -1.0344321872268 77 1
0
0
1
2.5
170
connections
0.2631575
step
0.105263
link
2.10526
enable
0.210526
bias
0.38
node
0.475
disable
0.421052
done
2
9 1000008 -0.905627492305649 79 1
58 1000008 1.46602777553072 80 0
0
0
1
2.5
170
connections
0.2375
step
0.105263
link
2.10526
enable
0.19
bias
0.421052
node
0.475
disable
0.38
done
3
80 1000005 -0.242164840103204 81 1
1000004 1000006 -0.380986138424364 82 1
170 1000007 -1.8164333495388 83 1
0
0
1
2.5
170
connections
0.2631575
step
0.095
link
2.10526
enable
0.19
bias
0.38
node
0.475
disable
0.421052
done
3
4 1000005 -1.90055351699728 84 1
138 1000007 -0.0782231139383387 85 1
170 1000007 -0.158830304704062 86 1
0
0
1
2.5
170
connections
0.2631575
step
0.105263
link
1.9
enable
0.19
bias
0.421052
node
0.526315
disable
0.421052
done
2
54 1000001 -0.520743836891252 88 1
1000002 1000007 0.279947099406248 87 0
0
0
1
2.5
171
connections
0.2375
step
0.095
link
1.9
enable
0.19
bias
0.38
node
0.526315
disable
0.421052
done
4
91 171 1 91 1
91 1000005 -1.88865023659945 89 0
171 1000005 -1.88865023659945 92 1
170 1000008 -0.162269738578363 90 1
0
0
1
2.5
170
connections
0.2375
step
0.095
link
1.9
enable
0.210526
bias
0.38
node
0.475
disable
0.421052
done
2
96 1000001 0.940044985590524 93 1
114 1000004 -0.527830180957834 94 1
0
0
1
2.5
170
connections
0.2631575
step
0.105263
link
1.9
enable
0.210526
bias
0.421052
node
0.475
disable
0.38
done
1
20 1000005 1.37463469401683 95 1
0
0
1
2.5
171
connections
0.2375
step
0.105263
link
2.10526
enable
0.19
bias
0.421052
node
0.526315
disable
0.421052
done
4
9 171 1 98 0
26 1000001 0.189394702291766 96 1
9 1000007 1.02879931359962 97 0
171 1000007 1.02879931359962 99 1
0
0
1
2.5
171
connections
0.2375
step
0.105263
link
1.9
enable
0.210526
bias
0.421052
node
0.526315
disable
0.421052
done
5
164 171 1 103 1
51 1000004 -1.04643284485044 100 1
171 1000004 -1.99954303354004 104 1
164 1000004 -1.99954303354004 101 0
170 1000007 -1.00270744180433 102 1
0
0
1
2.5
170
connections
0.2375
step
0.095
link
1.9
enable
0.19
bias
0.421052
node
0.526315
disable
0.421052
done
2
63 1000001 -0.897110420696954 105 1
9 1000006 -0.569187167365657 106 0
0
0
1
2.5
171
connections
0.2631575
step
0.105263
link
2.10526
enable
0.210526
bias
0.421052
node
0.475
disable
0.38
done
4
132 171 1 109 0
50 1000005 1.98233638144207 107 1
132 1000007 0.899725989857561 108 0
171 1000007 0.899725989857561 110 1
0
0
1
2.5
170
connections
0.2375
step
0.095
link
2.10526
enable
0.19
bias
0.38
node
0.475
disable
0.421052
done
2
44 1000007 0.636611995583685 112 0
131 1000008 -1.00041295913999 111 1
0
0
1
2.5
171
connections
0.2375
step
0.105263
link
1.9
enable
0.210526
bias
0.421052
node
0.475
disable
0.38
done
4
101 171 1 115 1
115 1000006 -1.70644256458918 114 0
101 1000007 -0.996520069891829 113 0
171 1000007 -0.996520069891829 116 1
0
0
1
2.5
171
connections
0.2631575
step
0.095
link
2.10526
enable
0.19
bias
0.421052
node
0.475
disable
0.421052
done
4
94 171 1 119 1
94 1000003 -0.364598213864769 117 1
171 1000003 -0.364598213864769 120 1
14 1000005 0.101199391345121 118 1
0
0
1
2.5
170
connections
0.2375
step
0.105263
link
2.10526
enable
0.210526
bias
0.38
node
0.526315
disable
0.421052
done
3
100 1000001 -1.7078117242585 123 1
126 1000002 -1.70695853592221 121 1
1000002 1000006 -1.69197203577122 122 1
0
0
1
2.5
170
connections
0.2375
step
0.095
link
1.9
enable
0.210526
bias
0.421052
node
0.475
disable
0.38
done
2
100 1000001 -0.856064989630163 125 1
123 1000007 1.16934595404628 124 1
0
0
1
2.5
170
connections
0.2375
step
0.095
link
2.10526
enable
0.210526
bias
0.38
node
0.526315
disable
0.38
done
3
51 1000005 0.00657936651566038 126 1
170 1000005 0.424850114819058 128 1
32 1000007 1.9422730765968 127 0
0
0
1
2.5
170
connections
0.2375
step
0.105263
link
1.9
enable
0.210526
bias
0.38
node
0.475
disable
0.421052
done
2
112 1000002 -0.639472368471079 129 1
52 1000008 -1.45720826809165 130 1
0
0
1
2.5
170
connections
0.2631575
step
0.095
link
2.10526
enable
0.19
bias
0.421052
node
0.526315
disable
0.38
done
2
18 1000006 -1.23788743058121 131 1
1000008 1000008 0.961869546660161 132 1
0
0
1
2.5
170
connections
0.2631575
step
0.095
link
2.10526
enable
0.19
bias
0.421052
node
0.526315
disable
0.421052
done
3
122 1000002 1.64401523193531 134 1
5 1000008 1.33328871584185 133 1
170 1000008 -1.86587980197085 135 1
0
0
1
2.5
170
connections
0.2631575
step
0.105263
link
2.10526
enable
0.19
bias
0.38
node
0.475
disable
0.421052
done
2
140 1000002 -0.830730713359421 137 1
164 1000006 -1.36969427362536 136 0
0
0
1
2.5
171
connections
0.2631575
step
0.095
link
2.10526
enable
0.210526
bias
0.38
node
0.475
disable
0.38
done
5
23 171 1 141 1
170 1000002 0.871231886963934 140 1
21 1000005 -1.49679843499176 138 1
23 1000005 0.461383800237153 139 0
171 1000005 0.461383800237153 142 1
0
0
1
2.5
171
connections
0.2631575
step
0.095
link
1.9
enable
0.210526
bias
0.38
node
0.475
disable
0.38
done
5
3 171 1 146 1
170 1000002 -0.386362218477932 145 1
155 1000004 -0.242462507561996 144 1
3 1000007 -0.141287094979215 143 0
171 1000007 -0.141287094979215 147 1
0
0
1
2.5
170
connections
0.2631575
step
0.105263
link
1.9
enable
0.19
bias
0.38
node
0.526315
disable
0.38
done
2
64 1000001 -1.54578890630314 149 1
64 1000008 -1.02561923629866 148 0
0
0
1
984.5
170
connections
0.2375
step
0.105263
link
1.9
enable
0.210526
bias
0.421052
node
0.475
disable
0.38
done
3
28 1000003 -0.953934568424679 150 1
114 1000003 1.21681389734932 151 1
170 1000008 1.60681621525754 152 1
0
0
1
0
171
connections
0.2631575
step
0.095
link
1.9
enable
0.210526
bias
0.38
node
0.526315
disable
0.421052
done
5
142 1000002 0.88453377545091 153 1
125 1000007 0.348320801904574 154 0
170 1000007 -0.54814795150801 155 1
125 171 1 156 1
171 1000007 0.348320801904574 157 1
0
0
1
0
170
connections
0.2631575
step
0.095
link
1.9
enable
0.19
bias
0.421052
node
0.475
disable
0.38
done
2
117 1000004 -1.05730139606507 158 1
103 1000008 -0.377608378593628 159 1
0
0
1
0
170
connections
0.2631575
step
0.105263
link
1.9
enable
0.19
bias
0.421052
node
0.475
disable
0.421052
done
2
35 1000005 -0.54045772857054 160 1
122 1000006 -1.57962930369174 161 0
0
0
1
0
170
connections
0.2375
step
0.095
link
2.10526
enable
0.19
bias
0.38
node
0.475
disable
0.421052
done
2
131 1000007 1.07203005397321 162 1
148 1000005 -1.30587469567818 163 0
0
0
1
0
171
connections
0.2375
step
0.105263
link
1.9
enable
0.210526
bias
0.421052
node
0.475
disable
0.421052
done
4
68 1000004 1.53233519733527 164 0
141 1000004 1.63933240605487 165 1
68 171 1 166 0
171 1000004 1.53233519733527 167 1
0
0
1
0
171
connections
0.2375
step
0.105263
link
2.10526
enable
0.210526
bias
0.38
node
0.526315
disable
0.38
done
5
5 1000004 0.961856310703725 168 0
124 1000002 -0.746267254811836 169 1
170 1000003 1.21235666201094 170 1
5 171 1 171 1
171 1000004 0.961856310703725 172 1
0
0
1
0
170
connections
0.2375
step
0.105263
link
1.9
enable
0.210526
bias
0.38
node
0.475
disable
0.421052
done
2
96 1000004 -1.50378718390306 173 1
7 1000008 -0.910091043873732 174 0
0
0
1
0
170
connections
0.2375
step
0.105263
link
2.10526
enable
0.19
bias
0.421052
node
0.526315
disable
0.38
done
2
56 1000003 -1.3420579001969 175 1
64 1000003 -1.32429792141742 176 0
0
0
1
0
171
connections
0.2375
step
0.105263
link
1.9
enable
0.210526
bias
0.38
node
0.475
disable
0.38
done
3
139 1000003 1.42107713009281 177 0
139 171 1 178 0
171 1000003 1.42107713009281 179 1
0
0
1
0
171
connections
0.2631575
step
0.095
link
1.9
enable
0.19
bias
0.421052
node
0.526315
disable
0.421052
done
5
46 1000002 0.606354256442913 180 1
59 1000003 0.784539389789356 181 1
170 1000003 1.10627194452392 182 0
170 171 1 183 1
171 1000003 1.10627194452392 184 1
0
0
1
0
170
connections
0.2631575
step
0.105263
link
2.10526
enable
0.19
bias
0.421052
node
0.526315
disable
0.421052
done
2
53 1000001 -0.0307951690772525 185 1
55 1000006 -1.94980959778177 186 1
0
0
1
0
171
connections
0.2375
step
0.105263
link
2.10526
enable
0.210526
bias
0.38
node
0.475
disable
0.421052
done
5
36 1000005 1.10524297091423 187 1
115 1000002 1.92812462333968 188 0
170 1000007 -1.90830066237054 189 1
115 171 1 190 1
171 1000002 1.92812462333968 191 1
0
0
1
0
170
connections
0.2631575
step
0.095
link
2.10526
enable
0.19
bias
0.38
node
0.526315
disable
0.421052
done
3
78 1000003 -1.99243349209075 192 0
81 1000001 -1.10741922217767 193 1
170 1000005 0.86396186000852 194 1
0
0
1
0
170
connections
0.2375
step
0.095
link
2.10526
enable
0.19
bias
0.38
node
0.475
disable
0.38
done
3
58 1000002 0.94326532769169 195 1
34 1000007 -1.93768332895715 196 1
170 1000005 1.92055811543044 197 1
0
0
1
0
170
connections
0.2375
step
0.095
link
1.9
enable
0.19
bias
0.421052
node
0.475
disable
0.38
done
3
46 1000002 -0.542377432129522 198 1
36 1000008 -0.421363054970914 199 1
170 1000005 -1.48393998271038 200 1
0
0
1
0
171
connections
0.2631575
step
0.105263
link
2.10526
enable
0.210526
bias
0.38
node
0.475
disable
0.38
done
5
139 1000005 -1.29697069679246 201 0
6 1000002 1.79480698322635 202 1
170 1000002 0.677278542275205 203 1
139 171 1 204 1
171 1000005 -1.29697069679246 205 1
0
0
1
0
170
connections
0.2375
step
0.105263
link
2.10526
enable
0.210526
bias
0.421052
node
0.475
disable
0.38
done
3
22 1000004 -1.50785472966165 206 1
137 1000008 -1.10867736074546 207 1
170 1000007 -1.89431713516559 208 1
0
0
1
0
171
connections
0.2375
step
0.095
link
1.9
enable
0.210526
bias
0.38
node
0.475
disable
0.421052
done
4
109 1000003 0.528017751187094 209 1
41 1000002 -0.874539376643737 210 0
41 171 1 211 1
171 1000002 -0.874539376643737 212 1
0
0
1
0
170
connections
0.2631575
step
0.095
link
1.9
enable
0.210526
bias
0.421052
node
0.475
disable
0.421052
done
3
165 1000004 -0.192150936551462 213 1
109 1000004 -0.156809835767751 214 1
170 1000006 -0.68129066316471 215 1
0
0
1
0
170
connections
0.2375
step
0.095
link
2.10526
enable
0.210526
bias
0.38
node
0.475
disable
0.421052
done
3
82 1000004 -0.463982186496249 216 1
126 1000006 0.132053340846698 217 1
170 1000005 0.74738154874527 218 1
0
0
1
0
171
connections
0.2631575
step
0.095
link
2.10526
enable
0.19
bias
0.38
node
0.526315
disable
0.421052
done
5
68 1000005 -0.233915201497225 219 1
87 1000003 -1.30609299210184 220 1
170 1000008 -1.25266345369288 221 0
170 171 1 222 1
171 1000008 -1.25266345369288 223 0
0
0
1
0
170
connections
0.2375
step
0.095
link
2.10526
enable
0.19
bias
0.38
node
0.526315
disable
0.38
done
2
167 1000007 -0.44853645863409 224 0
21 1000008 -1.71521508494169 225 1
0
0
1
0
171
connections
0.2631575
step
0.105263
link
1.9
enable
0.19
bias
0.38
node
0.475
disable
0.421052
done
5
12 1000003 -1.06774184064369 226 1
64 1000001 -0.263928621198949 227 0
170 1000003 1.05460749150003 228 1
64 171 1 229 1
171 1000001 -0.263928621198949 230 0
0
0
1
0
171
connections
0.2631575
step
0.095
link
1.9
enable
0.210526
bias
0.38
node
0.526315
disable
0.38
done
4
72 1000008 -1.9857120495223 231 1
128 1000008 1.20179588496769 232 1
72 171 1 233 1
171 1000008 -1.9857120495223 234 1
0
0
1
0
171
connections
0.2631575
step
0.095
link
1.9
enable
0.19
bias
0.421052
node
0.475
disable
0.38
done
5
47 1000006 0.414405972889814 235 1
12 1000001 1.20403027869949 236 1
170 1000008 0.418216352545757 237 0
170 171 1 238 1
171 1000008 0.418216352545757 239 1
0
0
1
0
170
connections
0.2375
step
0.095
link
1.9
enable
0.210526
bias
0.38
node
0.475
disable
0.38
done
3
132 1000004 0.683634485436433 240 1
16 1000002 1.83185533426323 241 1
170 1000008 0.551619711588891 242 0
0
0
1
0
170
connections
0.2375
step
0.095
link
2.10526
enable
0.19
bias
0.38
node
0.526315
disable
0.421052
done
3
139 1000008 -0.401295137778528 243 0
84 1000008 -0.548494964162118 244 1
170 1000001 -0.148292223991962 245 1
0
0
1
0
170
connections
0.2375
step
0.095
link
2.10526
enable
0.19
bias
0.38
node
0.526315
disable
0.38
done
3
146 1000008 -1.31038745460584 246 1
165 1000001 1.74621021922036 247 0
170 1000004 -1.42972950051992 248 1
0
0
1
0
171
connections
0.2631575
step
0.105263
link
1.9
enable
0.210526
bias
0.38
node
0.475
disable
0.421052
done
5
16 1000003 1.24897555785672 249 1
112 1000002 1.47921350201555 250 1
170 1000001 1.905883818821 251 0
170 171 1 252 0
171 1000001 1.905883818821 253 1
0
0
1
0
170
connections
0.2375
step
0.095
link
2.10526
enable
0.19
bias
0.38
node
0.475
disable
0.421052
done
2
79 1000002 1.94678368044402 254 0
19 1000001 -1.06016317152426 255 1
0
0
1
0
171
connections
0.2375
step
0.095
link
1.9
enable
0.19
bias
0.38
node
0.475
disable
0.38
done
4
52 1000001 1.41777730892309 256 0
170 1000004 1.10341656911346 257 0
170 171 1 258 1
171 1000004 1.10341656911346 259 1
0
0
1
0
170
connections
0.2375
step
0.105263
link
2.10526
enable
0.19
bias
0.421052
node
0.526315
disable
0.421052
done
2
1000007 1000001 1.69231479973174 260 1
60 1000005 1.9323204923106 261 1
0
0
1
0
170
connections
0.2631575
step
0.095
link
2.10526
enable
0.19
bias
0.421052
node
0.475
disable
0.421052
done
3
147 1000006 -0.423159967373665 262 0
79 1000007 0.262950251932698 263 1
15 1000007 0.742912647660315 264 1
0
0
1
0
171
connections
0.2375
step
0.105263
link
2.10526
enable
0.210526
bias
0.38
node
0.475
disable
0.38
done
4
44 1000004 -1.20955286883263 265 0
83 1000007 1.18016298263341 266 1
44 171 1 267 1
171 1000004 -1.20955286883263 268 1
0
0
1
0
170
connections
0.2631575
step
0.095
link
1.9
enable
0.210526
bias
0.421052
node
0.475
disable
0.38
done
2
110 1000007 -1.78249379982357 269 1
125 1000006 -0.730476766233555 270 0
0
0
1
0
171
connections
0.2375
step
0.105263
link
1.9
enable
0.210526
bias
0.421052
node
0.526315
disable
0.421052
done
4
97 1000005 0.140724542616272 271 0
126 1000003 -0.498274163575039 272 0
126 171 1 273 1
171 1000003 -0.498274163575039 274 1
0
0
1
0
171
connections
0.2631575
step
0.105263
link
1.9
enable
0.19
bias
0.421052
node
0.526315
disable
0.421052
done
4
77 1000006 1.49025482846901 275 0
111 1000002 1.32336145049118 276 1
77 171 1 277 1
171 1000006 1.49025482846901 278 1
0
0
1
0
171
connections
0.2375
step
0.105263
link
2.10526
enable
0.19
bias
0.421052
node
0.526315
disable
0.421052
done
5
30 1000001 -0.480165983773845 279 1
154 1000004 0.14182566578585 280 0
170 1000002 -1.7638126703742 281 1
154 171 1 282 1
171 1000004 0.14182566578585 283 1
0
0
1
0
170
connections
0.2375
step
0.105263
link
1.9
enable
0.210526
bias
0.421052
node
0.475
disable
0.38
done
2
157 1000006 0.82289088090085 284 1
134 1000005 0.789740288066557 285 1
0
0
1
0
170
connections
0.2375
step
0.105263
link
2.10526
enable
0.19
bias
0.38
node
0.526315
disable
0.38
done
2
117 1000005 -1.03825803428807 286 1
51 1000008 -1.45319547851253 287 1
0
0
1
0
170
connections
0.2631575
step
0.095
link
2.10526
enable
0.19
bias
0.421052
node
0.475
disable
0.38
done
2
95 1000006 -1.59112129341397 288 1
87 1000006 1.76573316183208 289 1
0
0
1
0
170
connections
0.2375
step
0.105263
link
1.9
enable
0.210526
bias
0.421052
node
0.526315
disable
0.421052
done
3
151 1000006 0.117327899726726 290 1
1000004 1000007 1.10049813571409 291 0
170 1000007 0.915138532833726 292 1
0
0
1
0
171
connections
0.2375
step
0.095
link
2.10526
enable
0.210526
bias
0.38
node
0.526315
disable
0.38
done
4
84 1000002 -0.523385850025055 293 1
77 1000003 -0.516544615159065 294 1
77 171 1 295 1
171 1000003 -0.516544615159065 296 1
0
0
1
0
170
connections
0.2631575
step
0.105263
link
1.9
enable
0.210526
bias
0.38
node
0.475
disable
0.421052
done
3
145 1000003 1.25278841483071 297 1
1 1000008 -0.0904169409025539 298 1
170 1000003 -1.83911210477311 299 0
0
0
1
0
171
connections
0.2631575
step
0.095
link
1.9
enable
0.19
bias
0.38
node
0.526315
disable
0.38
done
4
110 1000003 -1.74709472793485 300 1
4 1000005 -0.0606656847804159 301 0
4 171 1 302 1
171 1000005 -0.0606656847804159 303 1
0
0
1
0
171
connections
0.2631575
step
0.095
link
1.9
enable
0.210526
bias
0.38
node
0.526315
disable
0.421052
done
4
22 1000004 0.33656131398704 304 1
14 1000002 -0.745578197178234 305 0
14 171 1 306 1
171 1000002 -0.745578197178234 307 1
0
0
1
0
170
connections
0.2375
step
0.105263
link
2.10526
enable
0.210526
bias
0.38
node
0.475
disable
0.38
done
2
61 1000006 0.289824853786186 308 1
11 1000002 0.958263895920601 309 1
0
0
1
0
170
connections
0.2375
step
0.095
link
2.10526
enable
0.19
bias
0.421052
node
0.526315
disable
0.421052
done
2
21 1000006 -1.28238411400578 310 1
66 1000004 0.635795393323431 311 1
0
0
1
0
170
connections
0.2375
step
0.105263
link
1.9
enable
0.19
bias
0.38
node
0.475
disable
0.421052
done
2
76 1000001 1.15250623186701 312 1
39 1000002 1.99489620700241 313 0
0
0
1
0
170
connections
0.2631575
step
0.095
link
1.9
enable
0.19
bias
0.38
node
0.526315
disable
0.421052
done
1
161 1000003 1.01894305973265 314 1
0
0
1
0
170
connections
0.2375
step
0.105263
link
2.10526
enable
0.210526
bias
0.38
node
0.526315
disable
0.421052
done
2
27 1000007 0.640899186321022 315 1
11 1000003 0.379361150031612 316 1
0
0
1
0
171
connections
0.2631575
step
0.095
link
1.9
enable
0.19
bias
0.421052
node
0.526315
disable
0.38
done
4
116 1000003 0.654587596028386 317 0
170 1000007 -1.88806372689459 318 0
170 171 1 319 1
171 1000007 -1.88806372689459 320 1
0
0
1
0
171
connections
0.2631575
step
0.095
link
1.9
enable
0.19
bias
0.421052
node
0.526315
disable
0.38
done
4
28 1000002 1.39508000546837 321 0
105 1000003 -1.58493479880734 322 1
28 171 1 323 0
171 1000002 1.39508000546837 324 1
0
0
1
0
171
connections
0.2375
step
0.105263
link
1.9
enable
0.210526
bias
0.421052
node
0.475
disable
0.38
done
4
149 1000004 0.290356579371894 325 1
72 1000002 -0.513870056026555 326 0
72 171 1 327 1
171 1000002 -0.513870056026555 328 1
0
0
1
0
171
connections
0.2375
step
0.105263
link
1.9
enable
0.210526
bias
0.421052
node
0.475
disable
0.421052
done
5
60 1000001 -1.21497790665132 329 1
169 1000007 1.53219347052844 330 1
170 1000008 -0.817525380671735 331 1
60 171 1 332 0
171 1000001 -1.21497790665132 333 1
0
0
1
0
170
connections
0.2631575
step
0.095
link
1.9
enable
0.19
bias
0.421052
node
0.475
disable
0.421052
done
2
60 1000006 -1.46486654480215 334 1
18 1000007 -1.3620613083998 335 0
0
0
1
0
170
connections
0.2375
step
0.105263
link
1.9
enable
0.210526
bias
0.38
node
0.526315
disable
0.38
done
2
89 1000008 0.302018835349949 336 1
20 1000008 -1.48946105478772 337 1
0
0
1
0
170
connections
0.2631575
step
0.095
link
1.9
enable
0.210526
bias
0.421052
node
0.475
disable
0.421052
done
2
87 1000001 -0.964223520347953 338 1
7 1000004 -0.473917248879521 339 1
0
0
1
0
170
connections
0.2631575
step
0.105263
link
2.10526
enable
0.210526
bias
0.38
node
0.526315
disable
0.421052
done
2
6 1000005 1.70755032063813 340 1
166 1000003 -0.412973114481649 341 1
0
0
1
0
171
connections
0.2375
step
0.095
link
2.10526
enable
0.210526
bias
0.421052
node
0.526315
disable
0.38
done
5
45 1000002 -1.50739128119656 342 1
132 1000008 -1.06168730327007 343 1
170 1000006 1.6193416396246 344 0
170 171 1 345 1
171 1000006 1.6193416396246 346 1
0
0
1
0
170
connections
0.2375
step
0.105263
link
2.10526
enable
0.19
bias
0.421052
node
0.475
disable
0.38
done
2
104 1000007 -1.0741287279288 347 1
119 1000001 1.76658509474554 348 1
0
0
1
0
170
connections
0.2375
step
0.095
link
1.9
enable
0.19
bias
0.38
node
0.475
disable
0.38
done
2
122 1000003 1.44362121049483 349 1
36 1000002 -1.0967356670167 350 1
0
0
1
0
171
connections
0.2631575
step
0.105263
link
1.9
enable
0.19
bias
0.38
node
0.475
disable
0.421052
done
3
93 1000007 -1.82340213648202 351 0
93 171 1 352 1
171 1000007 -1.82340213648202 353 1
0
0
1
0
171
connections
0.2631575
step
0.105263
link
2.10526
enable
0.19
bias
0.421052
node
0.526315
disable
0.38
done
5
84 1000004 0.863320761762243 354 1
50 1000004 1.50028333044624 355 1
170 1000005 -1.36372723587031 356 0
170 171 1 357 1
171 1000005 -1.36372723587031 358 1
0
0
1
0
171
connections
0.2631575
step
0.095
link
1.9
enable
0.210526
bias
0.38
node
0.475
disable
0.421052
done
4
31 1000004 1.9761284328886 359 1
74 1000003 -1.05902217098466 360 1
31 171 1 361 1
171 1000004 1.9761284328886 362 1
0
0
1
0
170
connections
0.2375
step
0.095
link
1.9
enable
0.210526
bias
0.421052
node
0.526315
disable
0.421052
done
1
151 1000006 -0.420590977380327 363 1
0
0
1
0
171
connections
0.2375
step
0.105263
link
2.10526
enable
0.19
bias
0.38
node
0.475
disable
0.421052
done
5
140 1000001 0.106081401047335 364 1
96 1000007 -0.661512988927547 365 1
170 1000001 -1.21714257971251 366 1
140 171 1 367 1
171 1000001 0.106081401047335 368 1
0
0
1
0
170
connections
0.2631575
step
0.105263
link
1.9
enable
0.19
bias
0.421052
node
0.475
disable
0.38
done
2
29 1000004 -0.837880331481751 369 1
76 1000006 0.70182844749737 370 0
0
0
1
0
171
connections
0.2375
step
0.105263
link
1.9
enable
0.19
bias
0.421052
node
0.475
disable
0.421052
done
4
1000006 1000005 0.331044336003738 371 0
53 1000006 -1.72855121443446 372 1
1000006 171 1 373 1
171 1000005 0.331044336003738 374 0
0
0
1
0
171
connections
0.2375
step
0.105263
link
2.10526
enable
0.210526
bias
0.38
node
0.475
disable
0.421052
done
5
35 1000007 1.61145518515792 375 1
1000003 1000006 -0.384195239462049 376 1
170 1000006 -0.273017826617238 377 0
170 171 1 378 1
171 1000006 -0.273017826617238 379 1
0
0
1
0
170
connections
0.2375
step
0.095
link
2.10526
enable
0.210526
bias
0.421052
node
0.526315
disable
0.421052
done
2
85 1000003 -0.405686912315752 380 1
154 1000003 1.9671469013985 381 1
0
0
1
0
170
connections
0.2631575
step
0.095
link
2.10526
enable
0.19
bias
0.38
node
0.475
disable
0.38
done
2
19 1000002 1.72790660323943 382 1
41 1000007 1.65064931085829 383 0
0
0
1
0
171
connections
0.2375
step
0.105263
link
1.9
enable
0.19
bias
0.38
node
0.475
disable
0.38
done
5
23 1000004 -1.32111261939682 384 1
169 1000001 -0.202102151793475 385 0
170 1000005 1.71722241664176 386 1
169 171 1 387 1
171 1000001 -0.202102151793475 388 1
0
0
1
0
171
connections
0.2375
step
0.105263
link
2.10526
enable
0.19
bias
0.421052
node
0.526315
disable
0.421052
done
5
1000007 1000001 1.87514336960164 389 0
16 1000006 1.86335685470298 390 1
170 1000008 -0.760032424125836 391 0
170 171 1 392 1
171 1000008 -0.760032424125836 393 1
0
0
1
0
171
connections
0.2631575
step
0.095
link
2.10526
enable
0.19
bias
0.421052
node
0.475
disable
0.421052
done
5
94 1000006 -1.67634312607178 394 0
106 1000006 -1.30596574363577 395 0
170 1000005 -0.412372230744163 396 1
94 171 1 397 1
171 1000006 -1.67634312607178 398 1
0
0
1
0
171
connections
0.2631575
step
0.095
link
1.9
enable
0.19
bias
0.421052
node
0.475
disable
0.421052
done
5
104 1000004 -1.18799839876033 399 1
98 1000006 0.0551848905418 400 0
170 1000005 0.469441958921702 401 0
170 171 1 402 1
171 1000005 0.469441958921702 403 1
0
0
1
0
171
connections
0.2631575
step
0.095
link
1.9
enable
0.210526
bias
0.38
node
0.475
disable
0.421052
done
4
60 1000007 -0.471353720161763 404 1
154 1000001 -1.2230652790624 405 0
154 171 1 406 1
171 1000001 -1.2230652790624 407 1
0
0
1
0
170
connections
0.2375
step
0.105263
link
2.10526
enable
0.210526
bias
0.421052
node
0.475
disable
0.38
done
3
142 1000007 -1.91949441093928 408 1
1000004 1000003 -0.217322780851891 409 1
170 1000001 -1.00763186952455 410 1
0
0
1
0
171
connections
0.2375
step
0.105263
link
2.10526
enable
0.19
bias
0.38
node
0.526315
disable
0.421052
done
5
133 1000001 -0.283350802158635 411 1
166 1000004 -1.68181201800788 412 0
170 1000004 1.95355301906986 413 1
166 171 1 414 1
171 1000004 -1.68181201800788 415 1
0
0
1
0
170
connections
0.2631575
step
0.105263
link
1.9
enable
0.19
bias
0.421052
node
0.475
disable
0.38
done
3
134 1000008 0.0429952433533014 416 1
34 1000008 1.9400531016011 417 1
170 1000003 -0.760429366845838 418 1
0
0
1
0
170
connections
0.2631575
step
0.095
link
2.10526
enable
0.210526
bias
0.421052
node
0.526315
disable
0.421052
done
3
167 1000004 0.698249736194615 419 1
121 1000005 0.724053795786599 420 1
170 1000006 -1.29160497490857 421 1
0
0
1
0
170
connections
0.2375
step
0.105263
link
2.10526
enable
0.210526
bias
0.421052
node
0.475
disable
0.421052
done
2
77 1000004 -0.856911347646691 422 1
76 1000004 1.38702307799227 423 1
0
0
1
0
170
connections
0.2631575
step
0.095
link
1.9
enable
0.19
bias
0.421052
node
0.526315
disable
0.421052
done
3
68 1000008 0.104464647408791 424 1
135 1000008 -1.53423386604257 425 1
170 1000003 -0.526315761043837 426 1
0
0
1
0
170
connections
0.2375
step
0.105263
link
2.10526
enable
0.210526
bias
0.421052
node
0.475
disable
0.38
done
2
1000008 1000007 0.538852808316635 427 1
45 1000007 -1.29776902464115 428 0
0
0
1
0
170
connections
0.2631575
step
0.095
link
2.10526
enable
0.210526
bias
0.421052
node
0.526315
disable
0.38
done
2
87 1000002 0.617365678128491 429 1
140 1000006 1.44577241849423 430 1
0
0
1
0
170
connections
0.2631575
step
0.095
link
1.9
enable
0.19
bias
0.421052
node
0.526315
disable
0.421052
done
3
62 1000007 -0.476679026371184 431 1
146 1000006 -0.699775231396675 432 1
170 1000007 -1.78137868632627 433 1
0
0
1
0
171
connections
0.2631575
step
0.095
link
1.9
enable
0.210526
bias
0.421052
node
0.475
disable
0.38
done
5
155 1000008 -1.08386271776811 434 1
98 1000003 1.454099062576 435 0
170 1000006 -0.366149592383834 436 1
98 171 1 437 1
171 1000003 1.454099062576 438 1
0
0
1
0
171
connections
0.2631575
step
0.095
link
2.10526
enable
0.210526
bias
0.421052
node
0.475
disable
0.38
done
4
107 1000004 -1.8099194317171 439 1
3 1000001 0.246020396354618 440 0
3 171 1 441 1
171 1000001 0.246020396354618 442 1
0
0
1
0
170
connections
0.2375
step
0.105263
link
2.10526
enable
0.19
bias
0.38
node
0.526315
disable
0.421052
done
2
166 1000005 -1.54870343187298 443 1
167 1000008 -0.36824395617854 444 1
0
0
1
0
171
connections
0.2375
step
0.105263
link
1.9
enable
0.19
bias
0.38
node
0.526315
disable
0.421052
done
5
34 1000005 -0.264158499550148 445 1
99 1000005 -1.63656077889565 446 1
170 1000004 -1.56758777218293 447 0
170 171 1 448 1
171 1000004 -1.56758777218293 449 0
0
0
1
0
171
connections
0.2375
step
0.105263
link
2.10526
enable
0.19
bias
0.38
node
0.526315
disable
0.421052
done
5
46 1000005 0.183188003573189 450 1
8 1000005 -1.40706810141311 451 0
170 1000002 0.71545506767717 452 1
8 171 1 453 1
171 1000005 -1.40706810141311 454 1
0
0
1
0
171
connections
0.2375
step
0.105263
link
1.9
enable
0.19
bias
0.38
node
0.475
disable
0.38
done
5
1000002 1000008 -1.3341565892725 455 1
1000001 1000002 -0.889392075543009 456 1
170 1000004 0.451649205038161 457 0
170 171 1 458 1
171 1000004 0.451649205038161 459 1
0
0
1
0
171
connections
0.2631575
step
0.105263
link
1.9
enable
0.19
bias
0.38
node
0.475
disable
0.421052
done
3
93 1000004 0.0185018694114416 460 0
93 171 1 461 1
171 1000004 0.0185018694114416 462 0
0
0
1
0
171
connections
0.2375
step
0.095
link
1.9
enable
0.19
bias
0.38
node
0.526315
disable
0.38
done
4
138 1000004 -1.28083966825197 463 0
1000006 1000006 0.835242887416502 464 1
138 171 1 465 1
171 1000004 -1.28083966825197 466 1
0
0
1
0
171
connections
0.2375
step
0.095
link
2.10526
enable
0.210526
bias
0.38
node
0.526315
disable
0.38
done
4
25 1000007 1.96365619449115 467 0
137 1000004 0.427251649288112 468 1
25 171 1 469 1
171 1000007 1.96365619449115 470 0
0
0
1
0
170
connections
0.2631575
step
0.095
link
1.9
enable
0.210526
bias
0.421052
node
0.475
disable
0.38
done
3
71 1000003 0.978806338728781 471 1
25 1000001 0.867390734547465 472 0
170 1000001 0.858286594440363 473 1
0
0
1
0
170
connections
0.2375
step
0.105263
link
1.9
enable
0.210526
bias
0.38
node
0.526315
disable
0.421052
done
2
59 1000006 -0.156950649878453 474 1
1000002 1000004 -1.23243802750131 475 1
0
0
1
0
170
connections
0.2631575
step
0.095
link
1.9
enable
0.19
bias
0.421052
node
0.475
disable
0.38
done
3
107 1000003 0.613944034378018 476 1
87 1000003 -1.45494793143819 477 1
170 1000003 -0.939039904130176 478 1
0
0
1
0
170
connections
0.2631575
step
0.095
link
1.9
enable
0.19
bias
0.38
node
0.475
disable
0.421052
done
2
136 1000004 -1.55069262513457 479 1
58 1000001 -1.4342861303288 480 1
0
0
1
0
170
connections
0.2631575
step
0.095
link
1.9
enable
0.19
bias
0.421052
node
0.526315
disable
0.38
done
2
86 1000002 1.67532184332391 481 0
74 1000007 -0.159010964519815 482 1
0
0
1
0
170
connections
0.2375
step
0.095
link
2.10526
enable
0.210526
bias
0.38
node
0.475
disable
0.421052
done
2
85 1000001 -0.665270298097874 483 1
13 1000005 0.128730957456273 484 0
0
0
1
0
170
connections
0.2375
step
0.105263
link
2.10526
enable
0.210526
bias
0.421052
node
0.526315
disable
0.38
done
2
94 1000006 -0.185337520290789 485 1
108 1000004 1.02396068117766 486 1
0
0
1
0
170
connections
0.2375
step
0.095
link
2.10526
enable
0.210526
bias
0.38
node
0.526315
disable
0.421052
done
2
76 1000007 0.91516792723684 487 1
9 1000006 1.52708373196753 488 1
0
0
1
0
171
connections
0.2375
step
0.095
link
1.9
enable
0.19
bias
0.421052
node
0.475
disable
0.421052
done
4
29 1000006 1.0940192803247 489 0
68 1000003 -1.64405902086015 490 1
29 171 1 491 1
171 1000006 1.0940192803247 492 1
0
0
1
0
171
connections
0.2631575
step
0.095
link
2.10526
enable
0.210526
bias
0.421052
node
0.526315
disable
0.38
done
4
3 1000004 -0.634744041894909 493 1
93 1000006 -0.40566485673453 494 0
93 171 1 495 1
171 1000006 -0.40566485673453 496 1
0
0
1
0
170
connections
0.2375
step
0.095
link
2.10526
enable
0.19
bias
0.421052
node
0.526315
disable
0.421052
done
2
144 1000002 1.05710438595019 497 1
18 1000007 -0.649322011810412 498 1
0
0
1
0
170
connections
0.2375
step
0.105263
link
1.9
enable
0.19
bias
0.421052
node
0.475
disable
0.421052
done
2
127 1000003 1.86096916900062 499 1
148 1000004 1.07834590556023 500 0
0
0
1
0
170
connections
0.2375
step
0.105263
link
1.9
enable
0.19
bias
0.421052
node
0.475
disable
0.421052
done
2
144 1000007 -0.0919452822264029 501 1
22 1000004 0.092385324692533 502 0
0
0
1
0
170
connections
0.2375
step
0.095
link
2.10526
enable
0.210526
bias
0.421052
node
0.475
disable
0.421052
done
3
135 1000002 -1.41473602662549 503 1
24 1000005 -1.45512220796902 504 1
4 1000002 0.915385253222373 505 1
0
0
1
0
170
connections
0.2375
step
0.095
link
2.10526
enable
0.19
bias
0.38
node
0.526315
disable
0.38
done
2
1000004 1000008 0.724547482433052 506 0
88 1000008 1.19286232404078 507 1
0
0
1
0
170
connections
0.2631575
step
0.105263
link
2.10526
enable
0.19
bias
0.421052
node
0.526315
disable
0.421052
done
2
81 1000006 1.70624120147258 508 1
112 1000004 1.11705671395969 509 0
0
0
1
0
170
connections
0.2375
step
0.095
link
2.10526
enable
0.210526
bias
0.38
node
0.475
disable
0.421052
done
3
153 1000004 -1.36987629317207 510 1
129 1000007 1.43845304820615 511 1
52 1000002 0.422045615698232 512 1
0
0
1
0
170
connections
0.2375
step
0.095
link
1.9
enable
0.19
bias
0.421052
node
0.475
disable
0.38
done
2
73 1000005 -0.186558124696165 513 0
43 1000001 -0.4055882293757 514 1
0
0
1
0
170
connections
0.2375
step
0.095
link
2.10526
enable
0.19
bias
0.38
node
0.526315
disable
0.38
done
2
6 1000001 0.797874222881102 515 1
62 1000001 -1.83938381813438 516 1
0
0
1
0
170
connections
0.2631575
step
0.105263
link
2.10526
enable
0.210526
bias
0.38
node
0.526315
disable
0.421052
done
3
117 1000005 -1.38310683117393 517 1
6 1000008 -0.393407513570696 518 1
170 1000008 0.390637598182372 519 0
0
0
1
0
171
connections
0.2631575
step
0.105263
link
2.10526
enable
0.19
bias
0.38
node
0.526315
disable
0.421052
done
4
29 1000007 1.66021617486152 520 1
66 1000005 1.25919108803346 521 0
66 171 1 522 1
171 1000005 1.25919108803346 523 1
0
0
1
0
170
connections
0.2375
step
0.105263
link
2.10526
enable
0.19
bias
0.421052
node
0.475
disable
0.38
done
2
87 1000005 -1.1172759323927 524 1
164 1000004 -0.853956354248317 525 1
0
0
1
0
171
connections
0.2631575
step
0.095
link
1.9
enable
0.210526
bias
0.421052
node
0.526315
disable
0.38
done
3
2 1000003 -1.1654134016323 526 1
2 171 1 527 1
171 1000003 -1.1654134016323 528 1
0
0
1
0
171
connections
0.2375
step
0.105263
link
2.10526
enable
0.210526
bias
0.38
node
0.475
disable
0.38
done
5
72 1000003 0.690902588279407 529 0
45 1000007 -0.199766068812351 530 1
170 1000002 0.498375264228496 531 1
72 171 1 532 1
171 1000003 0.690902588279407 533 1
0
0
1
0
170
connections
0.2631575
step
0.095
link
1.9
enable
0.19
bias
0.38
node
0.526315
disable
0.38
done
2
165 1000001 -1.58977259676427 534 1
69 1000007 1.10110122482344 535 1
0
0
1
0
170
connections
0.2375
step
0.095
link
2.10526
enable
0.210526
bias
0.38
node
0.526315
disable
0.421052
done
2
13 1000002 0.576295038022238 536 0
92 1000004 -1.42383013825111 537 1
0
0
1
0
170
connections
0.2631575
step
0.095
link
2.10526
enable
0.19
bias
0.421052
node
0.526315
disable
0.38
done
2
63 1000004 1.77372467507316 538 0
37 1000002 1.79327147444397 539 1
0
0
1
0
171
connections
0.2631575
step
0.095
link
2.10526
enable
0.210526
bias
0.421052
node
0.475
disable
0.38
done
4
120 1000007 -1.23377507144295 540 1
113 1000005 1.10678493376206 541 0
113 171 1 542 1
171 1000005 1.10678493376206 543 1
0
0
1
0
170
connections
0.2375
step
0.095
link
1.9
enable
0.210526
bias
0.38
node
0.475
disable
0.421052
done
3
105 1000007 0.632686109576694 544 1
143 1000008 1.80798595017194 545 1
170 1000006 1.73065376082931 546 1
0
0
1
0
170
connections
0.2375
step
0.095
link
1.9
enable
0.19
bias
0.38
node
0.526315
disable
0.38
done
2
1 1000004 0.453009181866892 547 1
38 1000001 1.13869708177573 548 1
0
0
1
0
171
connections
0.2375
step
0.095
link
1.9
enable
0.19
bias
0.38
node
0.526315
disable
0.38
done
4
86 1000002 1.29485653307981 549 1
136 1000001 -0.17459791627461 550 0
136 171 1 551 0
171 1000001 -0.17459791627461 552 1
0
0
1
0
170
connections
0.2375
step
0.105263
link
2.10526
enable
0.19
bias
0.38
node
0.526315
disable
0.38
done
3
18 1000007 0.134361521403473 553 1
48 1000008 -1.29544515129898 554 1
170 1000004 0.46099832582334 555 1
0
0
1
0
170
connections
0.2375
step
0.105263
link
2.10526
enable
0.19
bias
0.421052
node
0.526315
disable
0.38
done
3
76 1000005 -0.0120119331460502 556 1
30 1000003 0.054446724268816 557 1
170 1000002 -0.327136497165606 558 1
0
0
1
0
171
connections
0.2375
step
0.105263
link
1.9
enable
0.19
bias
0.421052
node
0.526315
disable
0.421052
done
4
54 1000008 1.13977219124314 559 1
31 1000002 1.29141377624656 560 1
54 171 1 561 1
171 1000008 1.13977219124314 562 1
0
0
1
0
170
connections
0.2631575
step
0.105263
link
2.10526
enable
0.210526
bias
0.421052
node
0.475
disable
0.421052
done
3
59 1000004 -1.42063860754512 563 1
27 1000004 1.63355427032036 564 1
170 1000006 0.927533473320088 565 1
0
0
1
0
170
connections
0.2375
step
0.095
link
1.9
enable
0.19
bias
0.38
node
0.475
disable
0.38
done
2
1000005 1000005 -0.643227250614775 566 1
128 1000005 0.966151158775273 567 1
0
0
1
0
171
connections
0.2375
step
0.095
link
1.9
enable
0.210526
bias
0.38
node
0.526315
disable
0.38
done
4
49 1000005 1.6893584130748 568 1
74 1000007 0.32792424518984 569 0
74 171 1 570 1
171 1000007 0.32792424518984 571 1
0
0
1
0
171
connections
0.2375
step
0.095
link
2.10526
enable
0.19
bias
0.38
node
0.526315
disable
0.38
done
4
30 1000005 1.82264984763351 572 1
55 1000003 1.69937320970901 573 0
55 171 1 574 1
171 1000003 1.69937320970901 575 0
0
0
1
0
170
connections
0.2375
step
0.105263
link
2.10526
enable
0.210526
bias
0.38
node
0.475
disable
0.421052
done
3
9 1000005 1.20260370858135 576 0
132 1000001 -1.65619627370322 577 1
170 1000002 -1.57581583949542 578 1
0
0
1
0
170
connections
0.2375
step
0.105263
link
2.10526
enable
0.210526
bias
0.421052
node
0.526315
disable
0.421052
done
2
87 1000007 -0.131143181645844 579 1
148 1000003 1.7949530630349 580 1
0
0
1
0
171
connections
0.2375
step
0.095
link
2.10526
enable
0.210526
bias
0.421052
node
0.526315
disable
0.421052
done
5
60 1000008 0.588060523657156 581 0
10 1000004 -1.84384731568575 582 1
170 1000006 0.674987118074199 583 1
60 171 1 584 1
171 1000008 0.588060523657156 585 1
0
0
1
0
170
connections
0.2631575
step
0.095
link
1.9
enable
0.19
bias
0.38
node
0.475
disable
0.38
done
2
141 1000007 -1.6342321204181 586 1
1000006 1000003 1.18890324942251 587 1
0
0
1
0
171
connections
0.2631575
step
0.105263
link
2.10526
enable
0.210526
bias
0.421052
node
0.526315
disable
0.38
done
5
149 1000002 1.72923698263673 588 0
33 1000002 -0.792795566279812 589 1
170 1000006 1.52427661396762 590 1
149 171 1 591 1
171 1000002 1.72923698263673 592 0
0
0
1
0
170
connections
0.2375
step
0.095
link
2.10526
enable
0.19
bias
0.421052
node
0.475
disable
0.38
done
2
122 1000001 0.576422487653989 593 1
123 1000005 -1.16852924934054 594 1
0
0
1
0
171
connections
0.2631575
step
0.105263
link
2.10526
enable
0.19
bias
0.421052
node
0.526315
disable
0.421052
done
5
144 1000004 0.34148398523288 595 1
119 1000005 -1.7202497235128 596 0
1000006 1000004 1.33914380489809 597 1
119 171 1 598 1
171 1000005 -1.7202497235128 599 1
0
0
1
0
171
connections
0.2375
step
0.095
link
1.9
enable
0.210526
bias
0.38
node
0.475
disable
0.38
done
5
85 1000004 1.25564230012504 600 1
63 1000001 -1.5123964322323 601 1
170 1000005 -1.44681331117023 602 1
85 171 1 603 0
171 1000004 1.25564230012504 604 1
0
0
1
0
170
connections
0.2631575
step
0.095
link
2.10526
enable
0.19
bias
0.38
node
0.526315
disable
0.38
done
3
54 1000004 1.64704198932603 605 1
75 1000002 -1.92098368514375 606 1
170 1000003 -1.98908277041702 607 1
0
0
1
0
171
connections
0.2375
step
0.095
link
2.10526
enable
0.210526
bias
0.421052
node
0.526315
disable
0.38
done
5
122 1000004 -1.04915594824085 608 0
17 1000006 -1.74360698822122 609 0
170 1000007 0.0128376027628954 610 1
122 171 1 611 1
171 1000004 -1.04915594824085 612 1
0
0
1
0
170
connections
0.2375
step
0.105263
link
2.10526
enable
0.210526
bias
0.421052
node
0.475
disable
0.38
done
3
25 1000008 1.21289264932875 613 1
79 1000005 -1.14533008222716 614 1
170 1000005 -1.36305062256895 615 0
0
0
1
0
171
connections
0.2631575
step
0.105263
link
1.9
enable
0.19
bias
0.38
node
0.526315
disable
0.38
done
4
89 1000004 1.02427369124455 616 1
161 1000007 1.08868282432141 617 1
89 171 1 618 1
171 1000004 1.02427369124455 619 1
0
0
1
0
171
connections
0.2631575
step
0.105263
link
1.9
enable
0.210526
bias
0.421052
node
0.526315
disable
0.38
done
4
157 1000007 -1.50840689964053 620 1
98 1000002 1.13015786145355 621 0
98 171 1 622 1
171 1000002 1.13015786145355 623 0
0
0
1
0
171
connections
0.2375
step
0.095
link
2.10526
enable
0.19
bias
0.38
node
0.475
disable
0.38
done
4
30 1000002 -1.60114007424616 624 1
137 1000008 -1.24425325507496 625 0
137 171 1 626 1
171 1000008 -1.24425325507496 627 1
0
0
1
0
171
connections
0.2375
step
0.105263
link
2.10526
enable
0.210526
bias
0.421052
node
0.475
disable
0.421052
done
5
52 1000006 0.337700969696837 628 1
149 1000006 -0.372255162509277 629 1
170 1000004 -1.92232777733464 630 1
52 171 1 631 1
171 1000006 0.337700969696837 632 0
0
0
1
0
170
connections
0.2375
step
0.095
link
1.9
enable
0.19
bias
0.38
node
0.475
disable
0.421052
done
2
136 1000004 -0.539912543510978 633 1
108 1000002 -1.94924321395775 634 1
0
0
1
0
170
connections
0.2375
step
0.095
link
2.10526
enable
0.19
bias
0.421052
node
0.475
disable
0.38
done
2
85 1000004 -0.342434612262265 635 1
40 1000006 0.144861006245418 636 1
0
0
1
0
171
connections
0.2631575
step
0.105263
link
2.10526
enable
0.210526
bias
0.421052
node
0.475
disable
0.421052
done
4
51 1000006 1.52940328024766 637 0
138 1000007 0.812440445093643 638 1
51 171 1 639 1
171 1000006 1.52940328024766 640 0
0
0
1
0
171
connections
0.2375
step
0.095
link
1.9
enable
0.210526
bias
0.38
node
0.475
disable
0.38
done
4
36 1000001 -0.528475306242926 641 1
168 1000005 1.22834893466362 642 0
168 171 1 643 0
171 1000005 1.22834893466362 644 1
0
0
1
0
171
connections
0.2631575
step
0.095
link
1.9
enable
0.210526
bias
0.421052
node
0.526315
disable
0.38
done
4
162 1000001 -0.89900213242462 645 1
58 1000008 -0.392733168971135 646 0
58 171 1 647 1
171 1000008 -0.392733168971135 648 0
0
0
1
0
170
connections
0.2375
step
0.095
link
1.9
enable
0.210526
bias
0.38
node
0.526315
disable
0.38
done
2
27 1000004 1.05931251079743 649 1
120 1000004 0.329997596484608 650 1
0
0
1
0
170
connections
0.2631575
step
0.105263
link
2.10526
enable
0.210526
bias
0.38
node
0.475
disable
0.421052
done
3
42 1000008 0.908298095179861 651 1
152 1000006 -1.82876848048939 652 1
170 1000004 1.76382053818732 653 1
0
0
1
0
170
connections
0.2631575
step
0.105263
link
2.10526
enable
0.19
bias
0.421052
node
0.526315
disable
0.421052
done
3
56 1000005 -0.477731264418797 654 1
129 1000003 1.85124497667479 655 1
170 1000008 -1.27085551585576 656 1
0
0
1
0
171
connections
0.2375
step
0.095
link
1.9
enable
0.210526
bias
0.421052
node
0.526315
disable
0.421052
done
5
18 1000008 0.928087923176628 657 1
129 1000004 1.13754525367988 658 1
170 1000001 -1.87651830533357 659 0
170 171 1 660 1
171 1000001 -1.87651830533357 661 1
0
0
1
0
170
connections
0.2631575
step
0.095
link
2.10526
enable
0.210526
bias
0.38
node
0.526315
disable
0.38
done
3
148 1000005 -0.482906530836088 662 1
40 1000003 -1.21648446061485 663 0
170 1000001 0.942958553760759 664 1
0
0
1
0
171
connections
0.2375
step
0.095
link
1.9
enable
0.19
bias
0.38
node
0.526315
disable
0.421052
done
3
150 1000004 -1.76472010825049 665 1
150 171 1 666 1
171 1000004 -1.76472010825049 667 1
0
0
1
0
171
connections
0.2631575
step
0.095
link
1.9
enable
0.19
bias
0.421052
node
0.526315
disable
0.421052
done
3
116 1000005 -1.28694224510665 668 0
116 171 1 669 1
171 1000005 -1.28694224510665 670 0
0
0
1
0
171
connections
0.2631575
step
0.095
link
1.9
enable
0.19
bias
0.38
node
0.475
disable
0.421052
done
4
74 1000006 1.68843349427378 671 0
27 1000006 -1.37487783067621 672 1
74 171 1 673 1
171 1000006 1.68843349427378 674 1
0
0
1
0
171
connections
0.2631575
step
0.105263
link
1.9
enable
0.210526
bias
0.421052
node
0.526315
disable
0.421052
done
4
126 1000005 0.51816684497435 675 1
93 1000008 1.27288620326337 676 0
93 171 1 677 1
171 1000008 1.27288620326337 678 0
0
0
1
0
171
connections
0.2375
step
0.095
link
2.10526
enable
0.19
bias
0.38
node
0.526315
disable
0.38
done
4
18 1000007 -0.996695931533676 679 1
18 1000002 0.577034066699927 680 0
18 171 1 681 1
171 1000002 0.577034066699927 682 1
0
0
1
0
170
connections
0.2375
step
0.095
link
1.9
enable
0.210526
bias
0.38
node
0.475
disable
0.38
done
2
158 1000006 1.8192976749592 683 1
151 1000005 0.369288430721168 684 1
0
0
1
0
170
connections
0.2631575
step
0.105263
link
1.9
enable
0.210526
bias
0.38
node
0.526315
disable
0.421052
done
1
17 1000001 0.564623906540044 685 1
0
0
1
0
170
connections
0.2375
step
0.095
link
1.9
enable
0.210526
bias
0.421052
node
0.526315
disable
0.38
done
3
77 1000006 1.32624824872531 686 1
16 1000006 1.25522190297731 687 1
170 1000005 -1.84254444941997 688 1
0
0
1
0
171
connections
0.2631575
step
0.095
link
1.9
enable
0.19
bias
0.38
node
0.526315
disable
0.38
done
5
67 1000008 -1.08276719743515 689 0
136 1000006 0.918215834963236 690 0
170 1000008 -0.367773021742596 691 1
136 171 1 692 1
171 1000006 0.918215834963236 693 1
0
0
1
0
170
connections
0.2631575
step
0.105263
link
2.10526
enable
0.210526
bias
0.38
node
0.475
disable
0.38
done
3
111 1000007 -0.0392183745462533 694 1
61 1000007 -1.72330047363569 695 0
170 1000005 1.43695056412227 696 1
0
0
1
0
171
connections
0.2631575
step
0.095
link
2.10526
enable
0.210526
bias
0.38
node
0.526315
disable
0.421052
done
4
115 1000005 -0.509341421774282 697 1
1000002 1000008 1.11791841830961 698 0
1000002 171 1 699 1
171 1000008 1.11791841830961 700 1
0
0
1
0
170
connections
0.2375
step
0.095
link
1.9
enable
0.210526
bias
0.38
node
0.475
disable
0.38
done
2
138 1000007 -1.13635030348615 701 1
22 1000007 0.106347947430959 702 0
0
0
1
0
170
connections
0.2631575
step
0.105263
link
2.10526
enable
0.210526
bias
0.38
node
0.475
disable
0.38
done
2
163 1000007 -1.61138483863854 703 1
153 1000006 -0.420820300663272 704 0
0
0
1
0
171
connections
0.2631575
step
0.105263
link
1.9
enable
0.210526
bias
0.421052
node
0.475
disable
0.38
done
5
144 1000006 1.84579091325672 705 1
140 1000001 -1.69365860693793 706 0
170 1000006 -0.985736412455205 707 0
170 171 1 708 1
171 1000006 -0.985736412455205 709 1
0
0
1
0
170
connections
0.2375
step
0.095
link
1.9
enable
0.19
bias
0.38
node
0.475
disable
0.421052
done
3
126 1000005 0.427761991707497 710 1
110 1000001 -0.209056896254912 711 1
170 1000001 1.81856729826823 712 0
0
0
1
0
171
connections
0.2375
step
0.095
link
2.10526
enable
0.210526
bias
0.421052
node
0.475
disable
0.38
done
5
55 1000004 1.7469985986813 713 1
76 1000006 -0.113062129408616 714 1
170 1000002 1.42218110497211 715 0
170 171 1 716 1
171 1000002 1.42218110497211 717 1
0
0
1
0
171
connections
0.2631575
step
0.095
link
1.9
enable
0.19
bias
0.38
node
0.475
disable
0.38
done
4
50 1000002 -0.556516095323728 718 1
110 1000003 0.329659057003287 719 1
50 171 1 720 1
171 1000002 -0.556516095323728 721 0
0
0
1
0
170
connections
0.2375
step
0.095
link
2.10526
enable
0.210526
bias
0.38
node
0.475
disable
0.421052
done
2
5 1000007 -1.26917799900713 722 0
135 1000001 1.98843594081161 723 1
0
0
1
0
170
connections
0.2375
step
0.095
link
2.10526
enable
0.210526
bias
0.38
node
0.475
disable
0.38
done
2
128 1000001 -1.39260245086281 724 1
13 1000007 1.01046847878511 725 1
0
0
1
0
170
connections
0.2375
step
0.105263
link
1.9
enable
0.210526
bias
0.421052
node
0.475
disable
0.38
done
2
147 1000006 1.21880868040901 726 1
19 1000004 1.51738472074148 727 1
0
0
1
0
170
connections
0.2631575
step
0.095
link
2.10526
enable
0.210526
bias
0.38
node
0.526315
disable
0.421052
done
2
94 1000003 -0.204776506035019 728 1
74 1000005 0.208317260354905 729 1
0
0
1
0
171
connections
0.2375
step
0.095
link
2.10526
enable
0.19
bias
0.38
node
0.526315
disable
0.421052
done
4
72 1000005 0.377449683089484 730 0
123 1000006 1.6782706117622 731 0
123 171 1 732 1
171 1000006 1.6782706117622 733 1
0
0
1
0
170
connections
0.2631575
step
0.105263
link
1.9
enable
0.210526
bias
0.38
node
0.475
disable
0.421052
done
2
13 1000002 1.1323261014802 734 0
144 1000002 1.41266776407727 735 1
0
0
1
0
170
connections
0.2375
step
0.105263
link
2.10526
enable
0.210526
bias
0.421052
node
0.526315
disable
0.38
done
2
40 1000001 -1.82358670226465 736 1
65 1000001 -1.59719832409043 737 1
0
0
1
0
171
connections
0.2631575
step
0.105263
link
2.10526
enable
0.210526
bias
0.421052
node
0.475
disable
0.421052
done
4
1000007 1000002 1.32851531884098 738 0
19 1000008 0.419607036942433 739 1
1000007 171 1 740 1
171 1000002 1.32851531884098 741 1
0
0
1
0
171
connections
0.2631575
step
0.095
link
2.10526
enable
0.19
bias
0.38
node
0.475
disable
0.421052
done
6
1000005 1000008 0.377503599215999 742 1
59 1000005 1.3077676181252 743 0
93 1000004 1.99618312157513 744 1
170 1000001 -1.15210202110564 745 1
59 171 1 746 1
171 1000005 1.3077676181252 747 1
0
0
1
0
171
connections
0.2631575
step
0.105263
link
1.9
enable
0.19
bias
0.421052
node
0.475
disable
0.421052
done
4
30 1000001 0.0882403059342134 748 0
37 1000008 -1.62609491666131 749 1
30 171 1 750 1
171 1000001 0.0882403059342134 751 1
0
0
1
0
170
connections
0.2375
step
0.105263
link
2.10526
enable
0.210526
bias
0.421052
node
0.475
disable
0.421052
done
3
160 1000006 0.165792991484419 752 1
32 1000006 0.459173743826884 753 1
170 1000001 -0.505538896892936 754 1
0
0
1
0
171
connections
0.2375
step
0.105263
link
1.9
enable
0.19
bias
0.421052
node
0.475
disable
0.38
done
5
127 1000004 -1.74215607891891 755 1
87 1000004 1.5493420565265 756 1
170 1000001 -0.924094046896367 757 0
170 171 1 758 1
171 1000001 -0.924094046896367 759 0
0
0
1
0
171
connections
0.2375
step
0.105263
link
1.9
enable
0.210526
bias
0.421052
node
0.475
disable
0.421052
done
5
115 1000002 -1.57943241837408 760 0
37 1000006 0.959755016006415 761 1
170 1000004 0.614680703084301 762 1
115 171 1 763 0
171 1000002 -1.57943241837408 764 1
0
0
1
0
171
connections
0.2631575
step
0.105263
link
1.9
enable
0.210526
bias
0.38
node
0.475
disable
0.421052
done
4
11 1000007 1.51584306895539 765 1
170 1000008 -1.46326038775186 766 0
170 171 1 767 1
171 1000008 -1.46326038775186 768 1
0
0
1
0
170
connections
0.2631575
step
0.095
link
1.9
enable
0.210526
bias
0.38
node
0.526315
disable
0.38
done
3
64 1000004 1.43465496945877 769 1
61 1000001 0.408091235164596 770 1
170 1000004 -1.27297547053219 771 0
0
0
1
0
170
connections
0.2631575
step
0.095
link
1.9
enable
0.19
bias
0.421052
node
0.526315
disable
0.421052
done
2
159 1000005 -1.28566820141192 772 1
9 1000003 -0.579892796734298 773 1
0
0
1
0
171
connections
0.2631575
step
0.095
link
2.10526
enable
0.210526
bias
0.421052
node
0.475
disable
0.421052
done
5
54 1000005 1.30028478768667 774 1
132 1000001 1.09140235515842 775 1
170 1000005 0.796315363979114 776 0
170 171 1 777 1
171 1000005 0.796315363979114 778 1
0
0
1
0
171
connections
0.2631575
step
0.095
link
1.9
enable
0.19
bias
0.38
node
0.526315
disable
0.38
done
4
167 1000005 0.176080697298088 779 1
123 1000007 -1.3294347093112 780 1
123 171 1 781 1
171 1000007 -1.3294347093112 782 1
0
0
1
0
170
connections
0.2631575
step
0.095
link
1.9
enable
0.210526
bias
0.38
node
0.475
disable
0.421052
done
2
18 1000004 -0.0883781006971271 783 1
170 1000007 1.84714735478496 784 1
0
0
1
0
171
connections
0.2631575
step
0.105263
link
2.10526
enable
0.19
bias
0.421052
node
0.475
disable
0.38
done
4
133 1000003 -1.20627139099234 785 0
130 1000003 1.67833863370043 786 1
133 171 1 787 1
171 1000003 -1.20627139099234 788 1
0
0
1
0
170
connections
0.2375
step
0.105263
link
1.9
enable
0.210526
bias
0.421052
node
0.475
disable
0.421052
done
1
165 1000004 -0.312926338199957 789 0
0
0
1
0
171
connections
0.2631575
step
0.095
link
1.9
enable
0.19
bias
0.421052
node
0.475
disable
0.38
done
4
101 1000004 -0.453128312925402 790 1
78 1000003 -0.137237600114773 791 1
101 171 1 792 1
171 1000004 -0.453128312925402 793 1
0
0
1
0
170
connections
0.2631575
step
0.095
link
1.9
enable
0.19
bias
0.421052
node
0.475
disable
0.421052
done
2
118 1000004 -1.78275903304236 794 1
15 1000003 -1.34851060777368 795 1
0
0
1
0
170
connections
0.2375
step
0.095
link
2.10526
enable
0.210526
bias
0.38
node
0.475
disable
0.38
done
2
84 1000002 1.89104180591695 796 1
12 1000003 0.8332697501561 797 1
0
0
1
0
170
connections
0.2631575
step
0.095
link
2.10526
enable
0.210526
bias
0.421052
node
0.475
disable
0.38
done
3
25 1000007 0.139639657987114 798 1
116 1000005 0.113771193713775 799 1
170 1000008 -0.621020497112079 800 1
0
0
1
0
171
connections
0.2631575
step
0.105263
link
1.9
enable
0.210526
bias
0.421052
node
0.526315
disable
0.421052
done
4
1000006 1000004 1.71065762439308 801 1
18 1000005 1.25079047645013 802 0
18 171 1 803 1
171 1000005 1.25079047645013 804 1
0
0
1
0
170
connections
0.2375
step
0.095
link
1.9
enable
0.19
bias
0.38
node
0.475
disable
0.38
done
2
22 1000005 -0.78616390507024 805 1
57 1000005 -1.07600334429927 806 1
0
0
1
0
171
connections
0.2375
step
0.105263
link
1.9
enable
0.19
bias
0.421052
node
0.475
disable
0.38
done
4
163 1000002 -1.97347070089237 807 0
10 1000002 0.691893953220869 808 1
163 171 1 809 1
171 1000002 -1.97347070089237 810 0
0
0
1
0
170
connections
0.2631575
step
0.105263
link
2.10526
enable
0.210526
bias
0.421052
node
0.526315
disable
0.421052
done
2
125 1000008 0.797654311544101 811 0
87 1000001 -0.702092391765719 812 1
0
0
1
0
171
connections
0.2375
step
0.105263
link
2.10526
enable
0.19
bias
0.38
node
0.475
disable
0.421052
done
4
102 1000004 0.13756629365383 813 0
89 1000003 -0.930928285667174 814 0
102 171 1 815 1
171 1000004 0.13756629365383 816 1
0
0
1
0
171
connections
0.2631575
step
0.105263
link
2.10526
enable
0.210526
bias
0.38
node
0.526315
disable
0.421052
done
5
93 1000003 1.12834922183694 817 1
158 1000001 0.313675006066298 818 1
170 1000004 -0.388076176116279 819 1
158 171 1 820 1
171 1000001 0.313675006066298 821 1
0
0
1
0
171
connections
0.2375
step
0.095
link
1.9
enable
0.210526
bias
0.38
node
0.526315
disable
0.421052
done
4
43 1000004 -1.28938200105419 822 0
84 1000007 -1.71401937851404 823 1
43 171 1 824 0
171 1000004 -1.28938200105419 825 1
0
0
1
0
171
connections
0.2375
step
0.105263
link
1.9
enable
0.19
bias
0.421052
node
0.526315
disable
0.421052
done
5
103 1000005 -0.658775448174577 826 1
112 1000006 -1.93644966740927 827 0
170 1000002 -1.17596610597147 828 1
112 171 1 829 1
171 1000006 -1.93644966740927 830 1
0
0
1
0
171
connections
0.2631575
step
0.105263
link
1.9
enable
0.19
bias
0.421052
node
0.526315
disable
0.421052
done
5
170 1000002 -0.655592837676216 831 1
20 1000008 1.42257473777168 832 1
170 1000005 -1.99230996332705 833 1
170 171 1 834 1
171 1000005 -1.99230996332705 835 1
0
0
1
0
171
connections
0.2631575
step
0.105263
link
2.10526
enable
0.210526
bias
0.38
node
0.475
disable
0.421052
done
4
70 1000008 1.29176240195137 836 1
19 1000005 0.479609505496737 837 0
19 171 1 838 1
171 1000005 0.479609505496737 839 1
0
0
1
0
170
connections
0.2375
step
0.105263
link
1.9
enable
0.19
bias
0.421052
node
0.526315
disable
0.421052
done
2
146 1000006 -0.196809648627792 840 1
145 1000007 1.45457515467637 841 0
0
0
1
0
170
connections
0.2631575
step
0.105263
link
1.9
enable
0.210526
bias
0.38
node
0.475
disable
0.38
done
3
134 1000003 -1.89606775711107 842 1
105 1000008 -0.374139224353311 843 0
170 1000002 1.90285783815331 844 1
0
0
1
0
171
connections
0.2631575
step
0.095
link
1.9
enable
0.19
bias
0.38
node
0.475
disable
0.421052
done
4
136 1000007 1.08788716378058 845 1
45 1000001 -0.00931407046006716 846 1
45 171 1 847 1
171 1000001 -0.00931407046006716 848 1
0
0
1
0
170
connections
0.2631575
step
0.095
link
2.10526
enable
0.19
bias
0.38
node
0.526315
disable
0.38
done
2
31 1000001 -0.53457655130633 849 1
1 1000002 -1.30023799058992 850 1
0
0
1
0
170
connections
0.2375
step
0.095
link
1.9
enable
0.19
bias
0.421052
node
0.526315
disable
0.421052
done
2
163 1000002 1.22723973320203 851 1
25 1000005 0.688110328599862 852 1
0
0
1
0
171
connections
0.2375
step
0.105263
link
1.9
enable
0.19
bias
0.421052
node
0.475
disable
0.421052
done
4
61 1000001 -1.44873408016224 853 1
159 1000001 -1.70596799613255 854 1
159 171 1 855 1
171 1000001 -1.70596799613255 856 0
0
0
1
0
171
connections
0.2375
step
0.105263
link
2.10526
enable
0.210526
bias
0.421052
node
0.475
disable
0.421052
done
5
21 1000007 -0.272353059739039 857 1
158 1000002 -0.45039874988161 858 1
170 1000008 -1.64435938542912 859 1
170 171 1 860 1
171 1000008 -1.64435938542912 861 1
0
0
1
0
171
connections
0.2631575
step
0.095
link
2.10526
enable
0.19
bias
0.421052
node
0.526315
disable
0.38
done
5
72 1000003 0.853626574787137 862 1
41 1000008 0.14116039599346 863 0
170 1000007 1.52714109026228 864 1
41 171 1 865 1
171 1000008 0.14116039599346 866 1
0
0
1
0
170
connections
0.2375
step
0.105263
link
1.9
enable
0.210526
bias
0.38
node
0.526315
disable
0.38
done
3
94 1000003 -1.58685241061582 867 1
80 1000007 -0.576802554808931 868 1
170 1000001 -1.51763307280728 869 1
0
0
1
0
170
connections
0.2631575
step
0.105263
link
2.10526
enable
0.210526
bias
0.421052
node
0.475
disable
0.421052
done
2
151 1000003 0.568873050887544 870 1
1000003 1000002 1.99129888601196 871 1
0
0
1
0
170
connections
0.2631575
step
0.095
link
2.10526
enable
0.210526
bias
0.421052
node
0.475
disable
0.421052
done
2
131 1000006 0.983310292932815 872 1
22 1000006 -0.737984032713801 873 1
0
0
1
0
171
connections
0.2375
step
0.095
link
2.10526
enable
0.210526
bias
0.38
node
0.475
disable
0.38
done
5
52 1000006 1.23688383923698 874 1
55 1000002 1.82210206232132 875 1
170 1000005 -1.1726810723416 876 1
52 171 1 877 1
171 1000006 1.23688383923698 878 1
0
0
1
0
170
connections
0.2631575
step
0.105263
link
2.10526
enable
0.210526
bias
0.38
node
0.526315
disable
0.421052
done
2
31 1000006 1.06801426181012 879 1
128 1000005 -0.23420310497014 880 1
0
0
1
0
171
connections
0.2631575
step
0.095
link
1.9
enable
0.19
bias
0.38
node
0.526315
disable
0.38
done
4
27 1000003 1.64258422499643 881 1
96 1000006 -1.22503483445618 882 1
27 171 1 883 1
171 1000003 1.64258422499643 884 0
0
0
1
0
170
connections
0.2631575
step
0.105263
link
2.10526
enable
0.19
bias
0.421052
node
0.526315
disable
0.38
done
2
1000002 1000005 -1.85657610178766 885 1
58 1000004 1.07038212524279 886 0
0
0
1
0
171
connections
0.2631575
step
0.105263
link
1.9
enable
0.210526
bias
0.38
node
0.526315
disable
0.38
done
5
32 1000005 -1.64117795957307 887 1
142 1000008 0.853858673411356 888 1
170 1000005 -0.0692780288258932 889 0
170 171 1 890 1
171 1000005 -0.0692780288258932 891 1
0
0
1
0
171
connections
0.2375
step
0.105263
link
1.9
enable
0.19
bias
0.421052
node
0.475
disable
0.421052
done
5
145 1000001 1.00232023140524 892 1
51 1000004 0.537524190981651 893 1
170 1000006 0.488019668724397 894 0
170 171 1 895 1
171 1000006 0.488019668724397 896 1
0
0
1
0
171
connections
0.2631575
step
0.095
link
2.10526
enable
0.210526
bias
0.38
node
0.526315
disable
0.421052
done
4
122 1000003 -0.494764422296902 897 1
26 1000008 -0.56934592433709 898 1
26 171 1 899 1
171 1000008 -0.56934592433709 900 1
0
0
1
0
171
connections
0.2631575
step
0.105263
link
1.9
enable
0.19
bias
0.421052
node
0.526315
disable
0.38
done
5
34 1000004 -0.15269322607326 901 1
156 1000001 0.414306651062475 902 1
170 1000005 1.83641882978213 903 1
170 171 1 904 0
171 1000005 1.83641882978213 905 1
0
0
1
0
171
connections
0.2631575
step
0.095
link
1.9
enable
0.210526
bias
0.421052
node
0.526315
disable
0.421052
done
4
67 1000006 -0.73391625226192 906 1
18 1000007 -0.341102834018461 907 0
18 171 1 908 0
171 1000007 -0.341102834018461 909 1
0
0
1
0
170
connections
0.2631575
step
0.095
link
2.10526
enable
0.210526
bias
0.38
node
0.475
disable
0.38
done
2
163 1000002 1.26636655408254 910 0
65 1000008 -1.80699401339842 911 1
0
0
1
0
171
connections
0.2375
step
0.095
link
2.10526
enable
0.210526
bias
0.421052
node
0.526315
disable
0.38
done
5
78 1000003 -0.790937419417751 912 0
13 1000005 -1.7808547018938 913 0
170 1000008 -1.97470765932217 914 1
78 171 1 915 1
171 1000003 -0.790937419417751 916 1
0
0
1
0
170
connections
0.2375
step
0.105263
link
2.10526
enable
0.210526
bias
0.421052
node
0.475
disable
0.38
done
2
130 1000002 0.00649249274585983 917 1
47 1000004 -0.349295034235946 918 0
0
0
1
0
171
connections
0.2375
step
0.095
link
1.9
enable
0.210526
bias
0.421052
node
0.475
disable
0.38
done
4
59 1000001 -0.153952303414211 919 0
110 1000002 0.0534907626237211 920 0
110 171 1 921 1
171 1000002 0.0534907626237211 922 1
0
0
1
0
170
connections
0.2375
step
0.105263
link
2.10526
enable
0.210526
bias
0.38
node
0.526315
disable
0.421052
done
3
66 1000005 0.620687288521178 923 1
100 1000004 -0.856965803940299 924 1
170 1000001 1.472643475734 925 0
0
0
1
0
171
connections
0.2631575
step
0.095
link
2.10526
enable
0.19
bias
0.38
node
0.526315
disable
0.421052
done
5
45 1000007 1.63013447245124 926 1
129 1000001 -0.411899703746615 927 0
170 1000001 1.30629959670189 928 1
129 171 1 929 1
171 1000001 -0.411899703746615 930 0
0
0
1
0
170
connections
0.2631575
step
0.095
link
2.10526
enable
0.19
bias
0.38
node
0.475
disable
0.38
done
3
53 1000005 -0.128530754767606 931 1
99 1000005 -1.85538121678651 932 0
170 1000007 -1.14214795787919 933 1
0
0
1
0
170
connections
0.2375
step
0.105263
link
2.10526
enable
0.210526
bias
0.421052
node
0.526315
disable
0.421052
done
3
34 1000005 -1.75583092670694 934 1
162 1000003 0.197268574590454 935 1
170 1000004 1.46089373131324 936 1
0
0
1
0
170
connections
0.2631575
step
0.095
link
1.9
enable
0.210526
bias
0.421052
node
0.526315
disable
0.38
done
2
115 1000002 0.247447799075138 937 1
36 1000005 0.188516982918846 938 0
0
0
1
0
170
connections
0.2631575
step
0.095
link
1.9
enable
0.210526
bias
0.421052
node
0.475
disable
0.38
done
3
120 1000004 1.39524218598159 939 1
29 1000001 -0.0166214862915788 940 1
170 1000005 -1.55827055850917 941 1
0
0
1
0
171
connections
0.2631575
step
0.105263
link
2.10526
enable
0.210526
bias
0.421052
node
0.526315
disable
0.421052
done
4
64 1000005 1.26123110356798 942 1
152 1000008 -1.48602624027339 943 0
152 171 1 944 1
171 1000008 -1.48602624027339 945 1
0
0
1
0
171
connections
0.2631575
step
0.095
link
1.9
enable
0.19
bias
0.38
node
0.526315
disable
0.421052
done
4
87 1000006 0.830347040123468 946 1
34 1000002 0.543152050368093 947 0
34 171 1 948 1
171 1000002 0.543152050368093 949 1
0
0
1
0
171
connections
0.2375
step
0.105263
link
1.9
enable
0.210526
bias
0.421052
node
0.475
disable
0.421052
done
5
71 1000006 -0.296702548068344 950 0
1000004 1000001 0.616730249774051 951 1
170 1000002 -1.45051757593198 952 1
71 171 1 953 1
171 1000006 -0.296702548068344 954 1
0
0
1
0
170
connections
0.2375
step
0.095
link
2.10526
enable
0.19
bias
0.421052
node
0.475
disable
0.421052
done
2
97 1000006 -1.08175507517613 955 0
85 1000007 -0.0908696307292531 956 1
0
0
1
0
171
connections
0.2375
step
0.095
link
1.9
enable
0.210526
bias
0.38
node
0.526315
disable
0.421052
done
4
70 1000007 0.926347204915409 957 1
53 1000007 0.337891525746273 958 0
53 171 1 959 1
171 1000007 0.337891525746273 960 0
0
0
1
0
170
connections
0.2631575
step
0.095
link
2.10526
enable
0.210526
bias
0.38
node
0.526315
disable
0.421052
done
3
52 1000004 1.93551876951732 961 1
100 1000001 0.849284294456842 962 1
170 1000002 -1.98832711204343 963 1
0
0
1
0
170
connections
0.2375
step
0.095
link
1.9
enable
0.210526
bias
0.421052
node
0.526315
disable
0.38
done
2
30 1000007 1.87326513411164 964 0
82 1000006 -0.871107667158874 965 1
0
0
1
0
170
connections
0.2375
step
0.095
link
2.10526
enable
0.210526
bias
0.38
node
0.526315
disable
0.421052
done
4
160 1000008 0.738895931625225 966 1
149 1000003 0.219072108258993 967 1
115 1000004 1.59714920613782 968 1
170 1000002 -1.55471794659026 969 0
0
0
1
0
171
connections
0.2375
step
0.095
link
1.9
enable
0.210526
bias
0.421052
node
0.526315
disable
0.421052
done
4
147 1000005 1.97530851139469 970 0
135 1000003 -0.92257503369943 971 1
147 171 1 972 1
171 1000005 1.97530851139469 973 1
0
0
1
0
171
connections
0.2631575
step
0.105263
link
1.9
enable
0.210526
bias
0.38
node
0.475
disable
0.421052
done
5
48 1000007 -0.149934987607382 974 1
44 1000004 1.30912659657613 975 1
170 1000006 -1.39602258214542 976 1
44 171 1 977 1
171 1000004 1.30912659657613 978 1
0
0
1
0
170
connections
0.2375
step
0.095
link
1.9
enable
0.210526
bias
0.421052
node
0.475
disable
0.421052
done
3
138 1000005 1.11198774125054 979 1
51 1000005 1.93196586143783 980 1
170 1000004 -0.171124954787607 981 1
0
0
1
0
170
connections
0.2631575
step
0.095
link
1.9
enable
0.19
bias
0.421052
node
0.475
disable
0.421052
done
2
91 1000006 -1.30592273143396 982 1
51 1000002 -1.28412030417664 983 1
0
0
1
0
171
connections
0.2375
step
0.105263
link
1.9
enable
0.19
bias
0.421052
node
0.475
disable
0.38
done
5
117 1000003 1.97708738221651 984 1
146 1000001 -0.374044868337943 985 0
170 1000005 -1.65250606259913 986 1
146 171 1 987 0
171 1000001 -0.374044868337943 988 1
0
0
1
0
171
connections
0.2375
step
0.095
link
2.10526
enable
0.19
bias
0.38
node
0.526315
disable
0.421052
done
5
7 1000008 -0.428840485601146 989 1
61 1000007 -0.773898455674713 990 1
170 1000006 -1.25011525827 991 0
170 171 1 992 1
171 1000006 -1.25011525827 993 1
